v2.0 raw
00000380
00000200
00001000
00002000
00000010
36080000
00000001
00001000
00002000
18880000
20C80000
28380000
00000380
00000100
00040000
28380000
00000380
00000280
00040000
00000000
00001000
00002000
36180000
00000380
00000080
00001000
00002000
00000020
7A100000
46500000
4A900000
5ED00000
6B100000
77500000
00000000
00004000
7A380000
00000001
7A280000
00000380
00000200
00001000
00002000
00000240
00000140
00000002
7E380000
00000001
00000004
00000240
00000140
00000002
7A380000
00000008
00000240
00000180
00000002
00000001
7A380000
00010000
00020000
00000400
00000001
00008000
00000800
00380000
